{
	"bimodal" : false,
	"dimension" : 12,
	"size" : 3,
	"performancemode" : 0,
	"nbmixturecomponents" : 3,
	"varianceoffset_relative" : 2,
	"varianceoffset_absolute" : 10,
	"weight_regression" : 1,
	"models" : [
		{
			"label" : {
				"type" : "INT",
				"value" : 1
			},
			"GMM" : {
				"ProbabilisticModel" : {
					"flags" : 0,
					"bimodal" : false,
					"dimension" : 12,
					"EMStopCriterion" : {
						"minsteps" : 10,
						"maxsteps" : 0,
						"percentchg" : 0.01
					},
					"likelihoodwindow" : 10
				},
				"nbmixturecomponents" : 3,
				"varianceoffset_relative" : 2,
				"varianceoffset_absolute" : 10,
				"weight_regression" : 1,
				"mixturecoefficients" : [
					0.331071,
					0.339532,
					0.329397
				],
				"components" : [
					{
						"dimension" : 12,
						"dimension_input" : 0,
						"offset_relative" : 2,
						"offset_absolute" : 10,
						"weight_regression" : 1,
						"scale" : [
							3.487402,
							0.898579,
							0.173507,
							0.248132,
							0.057902,
							0.136979,
							0.03257,
							0.019202,
							0.013045,
							0.024235,
							0.020597,
							0.011829
						],
						"mean" : [
							-22.894762,
							0.113412,
							-3.692374,
							2.404896,
							-1.192627,
							1.961077,
							0.609534,
							1.213215,
							-0.240392,
							0.437005,
							-0.109901,
							0.500828
						],
						"covariance" : [
							10.462203,
							-0.869209,
							-0.170993,
							-0.408314,
							-0.199737,
							-0.18932,
							0.094836,
							0.089954,
							0.058862,
							-0.016697,
							-0.026357,
							-0.066288,
							-0.869209,
							10,
							0.108577,
							-0.15209,
							-0.090832,
							-0.148717,
							-0.111459,
							-0.076228,
							0.004345,
							0.050889,
							0.063035,
							0.017971,
							-0.170993,
							0.108577,
							10,
							0.081141,
							0.017784,
							0.049482,
							-0.027094,
							-0.011142,
							-0.009331,
							0.027459,
							0.013476,
							0.005225,
							-0.408314,
							-0.15209,
							0.081141,
							10,
							0.087764,
							0.158855,
							0.019981,
							0.009329,
							-0.022795,
							-0.014537,
							-0.022203,
							0.015221,
							-0.199737,
							-0.090832,
							0.017784,
							0.087764,
							10,
							0.062894,
							0.012171,
							0.008942,
							-0.009526,
							-0.007867,
							-0.01127,
							0.002117,
							-0.18932,
							-0.148717,
							0.049482,
							0.158855,
							0.062894,
							10,
							0.020773,
							0.017007,
							-0.018028,
							-0.005835,
							-0.010846,
							0.009112,
							0.094836,
							-0.111459,
							-0.027094,
							0.019981,
							0.012171,
							0.020773,
							10,
							0.011384,
							-0.002017,
							-0.018731,
							-0.018379,
							-0.004993,
							0.089954,
							-0.076228,
							-0.011142,
							0.009329,
							0.008942,
							0.017007,
							0.011384,
							10,
							0.001411,
							-0.005047,
							-0.005807,
							-0.003007,
							0.058862,
							0.004345,
							-0.009331,
							-0.022795,
							-0.009526,
							-0.018028,
							-0.002017,
							0.001411,
							10,
							0.007377,
							0.003259,
							-0.003664,
							-0.016697,
							0.050889,
							0.027459,
							-0.014537,
							-0.007867,
							-0.005835,
							-0.018731,
							-0.005047,
							0.007377,
							10,
							0.01698,
							0.001165,
							-0.026357,
							0.063035,
							0.013476,
							-0.022203,
							-0.01127,
							-0.010846,
							-0.018379,
							-0.005807,
							0.003259,
							0.01698,
							10,
							0.005901,
							-0.066288,
							0.017971,
							0.005225,
							0.015221,
							0.002117,
							0.009112,
							-0.004993,
							-0.003007,
							-0.003664,
							0.001165,
							0.005901,
							10
						]
					},
					{
						"dimension" : 12,
						"dimension_input" : 0,
						"offset_relative" : 2,
						"offset_absolute" : 10,
						"weight_regression" : 1,
						"scale" : [
							3.487402,
							0.898579,
							0.173507,
							0.248132,
							0.057902,
							0.136979,
							0.03257,
							0.019202,
							0.013045,
							0.024235,
							0.020597,
							0.011829
						],
						"mean" : [
							-22.894651,
							0.113381,
							-3.69238,
							2.404884,
							-1.192633,
							1.961072,
							0.609538,
							1.213218,
							-0.24039,
							0.437004,
							-0.109902,
							0.500826
						],
						"covariance" : [
							10.462207,
							-0.869177,
							-0.170988,
							-0.408327,
							-0.199745,
							-0.189332,
							0.094833,
							0.089953,
							0.05887,
							-0.016691,
							-0.026354,
							-0.066289,
							-0.869177,
							10,
							0.108576,
							-0.152094,
							-0.090834,
							-0.148717,
							-0.11146,
							-0.076228,
							0.004342,
							0.050888,
							0.063036,
							0.017971,
							-0.170988,
							0.108576,
							10,
							0.08114,
							0.017784,
							0.049481,
							-0.027094,
							-0.011143,
							-0.009331,
							0.027458,
							0.013475,
							0.005225,
							-0.408327,
							-0.152094,
							0.08114,
							10,
							0.087767,
							0.158857,
							0.019982,
							0.009329,
							-0.022795,
							-0.014538,
							-0.022204,
							0.015221,
							-0.199745,
							-0.090834,
							0.017784,
							0.087767,
							10,
							0.062895,
							0.012172,
							0.008942,
							-0.009526,
							-0.007868,
							-0.011271,
							0.002118,
							-0.189332,
							-0.148717,
							0.049481,
							0.158857,
							0.062895,
							10,
							0.020773,
							0.017007,
							-0.018028,
							-0.005835,
							-0.010846,
							0.009113,
							0.094833,
							-0.11146,
							-0.027094,
							0.019982,
							0.012172,
							0.020773,
							10,
							0.011384,
							-0.002017,
							-0.018731,
							-0.01838,
							-0.004994,
							0.089953,
							-0.076228,
							-0.011143,
							0.009329,
							0.008942,
							0.017007,
							0.011384,
							10,
							0.001411,
							-0.005047,
							-0.005808,
							-0.003007,
							0.05887,
							0.004342,
							-0.009331,
							-0.022795,
							-0.009526,
							-0.018028,
							-0.002017,
							0.001411,
							10,
							0.007377,
							0.003259,
							-0.003664,
							-0.016691,
							0.050888,
							0.027458,
							-0.014538,
							-0.007868,
							-0.005835,
							-0.018731,
							-0.005047,
							0.007377,
							10,
							0.01698,
							0.001165,
							-0.026354,
							0.063036,
							0.013475,
							-0.022204,
							-0.011271,
							-0.010846,
							-0.01838,
							-0.005808,
							0.003259,
							0.01698,
							10,
							0.005901,
							-0.066289,
							0.017971,
							0.005225,
							0.015221,
							0.002118,
							0.009113,
							-0.004994,
							-0.003007,
							-0.003664,
							0.001165,
							0.005901,
							10
						]
					},
					{
						"dimension" : 12,
						"dimension_input" : 0,
						"offset_relative" : 2,
						"offset_absolute" : 10,
						"weight_regression" : 1,
						"scale" : [
							3.487402,
							0.898579,
							0.173507,
							0.248132,
							0.057902,
							0.136979,
							0.03257,
							0.019202,
							0.013045,
							0.024235,
							0.020597,
							0.011829
						],
						"mean" : [
							-22.894749,
							0.113408,
							-3.692375,
							2.404895,
							-1.192628,
							1.961077,
							0.609535,
							1.213215,
							-0.240391,
							0.437005,
							-0.109901,
							0.500827
						],
						"covariance" : [
							10.462203,
							-0.869205,
							-0.170993,
							-0.408316,
							-0.199738,
							-0.189321,
							0.094836,
							0.089954,
							0.058863,
							-0.016696,
							-0.026356,
							-0.066288,
							-0.869205,
							10,
							0.108577,
							-0.15209,
							-0.090832,
							-0.148717,
							-0.111459,
							-0.076228,
							0.004344,
							0.050889,
							0.063035,
							0.017971,
							-0.170993,
							0.108577,
							10,
							0.081141,
							0.017784,
							0.049482,
							-0.027094,
							-0.011142,
							-0.009331,
							0.027459,
							0.013476,
							0.005225,
							-0.408316,
							-0.15209,
							0.081141,
							10,
							0.087765,
							0.158855,
							0.019981,
							0.009329,
							-0.022795,
							-0.014537,
							-0.022203,
							0.015221,
							-0.199738,
							-0.090832,
							0.017784,
							0.087765,
							10,
							0.062894,
							0.012171,
							0.008942,
							-0.009526,
							-0.007867,
							-0.01127,
							0.002117,
							-0.189321,
							-0.148717,
							0.049482,
							0.158855,
							0.062894,
							10,
							0.020773,
							0.017007,
							-0.018028,
							-0.005835,
							-0.010846,
							0.009112,
							0.094836,
							-0.111459,
							-0.027094,
							0.019981,
							0.012171,
							0.020773,
							10,
							0.011384,
							-0.002017,
							-0.018731,
							-0.018379,
							-0.004993,
							0.089954,
							-0.076228,
							-0.011142,
							0.009329,
							0.008942,
							0.017007,
							0.011384,
							10,
							0.001411,
							-0.005047,
							-0.005807,
							-0.003007,
							0.058863,
							0.004344,
							-0.009331,
							-0.022795,
							-0.009526,
							-0.018028,
							-0.002017,
							0.001411,
							10,
							0.007377,
							0.003259,
							-0.003664,
							-0.016696,
							0.050889,
							0.027459,
							-0.014537,
							-0.007867,
							-0.005835,
							-0.018731,
							-0.005047,
							0.007377,
							10,
							0.01698,
							0.001165,
							-0.026356,
							0.063035,
							0.013476,
							-0.022203,
							-0.01127,
							-0.010846,
							-0.018379,
							-0.005807,
							0.003259,
							0.01698,
							10,
							0.005901,
							-0.066288,
							0.017971,
							0.005225,
							0.015221,
							0.002117,
							0.009112,
							-0.004993,
							-0.003007,
							-0.003664,
							0.001165,
							0.005901,
							10
						]
					}
				]
			}
		},
		{
			"label" : {
				"type" : "INT",
				"value" : 2
			},
			"GMM" : {
				"ProbabilisticModel" : {
					"flags" : 0,
					"bimodal" : false,
					"dimension" : 12,
					"EMStopCriterion" : {
						"minsteps" : 10,
						"maxsteps" : 0,
						"percentchg" : 0.01
					},
					"likelihoodwindow" : 10
				},
				"nbmixturecomponents" : 3,
				"varianceoffset_relative" : 2,
				"varianceoffset_absolute" : 10,
				"weight_regression" : 1,
				"mixturecoefficients" : [
					0.354159,
					0.298536,
					0.347305
				],
				"components" : [
					{
						"dimension" : 12,
						"dimension_input" : 0,
						"offset_relative" : 2,
						"offset_absolute" : 10,
						"weight_regression" : 1,
						"scale" : [
							9.240446,
							0.374078,
							0.343652,
							0.261401,
							0.038383,
							0.066498,
							0.072948,
							0.042399,
							0.025094,
							0.035501,
							0.019218,
							0.015345
						],
						"mean" : [
							-19.980255,
							5.229556,
							-5.542006,
							1.761696,
							-2.242642,
							0.909184,
							-0.434426,
							0.673177,
							-0.293748,
							0.552932,
							0.067118,
							0.386834
						],
						"covariance" : [
							27.721292,
							-0.965809,
							0.817089,
							-1.279152,
							-0.364112,
							-0.582833,
							-0.609074,
							-0.331173,
							-0.177433,
							-0.37739,
							-0.272356,
							-0.073197,
							-0.965809,
							10,
							0.072203,
							0.098958,
							0.028593,
							0.023096,
							0.001247,
							0.028222,
							0.020663,
							0.013288,
							0.005597,
							0.01351,
							0.817089,
							0.072203,
							10,
							-0.20545,
							0.015807,
							-0.086357,
							-0.095217,
							-0.059295,
							-0.006566,
							-0.058074,
							-0.036038,
							-0.026494,
							-1.279152,
							0.098958,
							-0.20545,
							10,
							0.030109,
							0.105779,
							0.104834,
							0.042238,
							0.002221,
							0.066524,
							0.043047,
							0.024053,
							-0.364112,
							0.028593,
							0.015807,
							0.030109,
							10,
							0.017698,
							0.027133,
							0.007734,
							0.014733,
							0.017111,
							0.011555,
							-0.003498,
							-0.582833,
							0.023096,
							-0.086357,
							0.105779,
							0.017698,
							10,
							0.054723,
							0.023624,
							-0.000706,
							0.019104,
							0.024768,
							0.007969,
							-0.609074,
							0.001247,
							-0.095217,
							0.104834,
							0.027133,
							0.054723,
							10,
							0.03018,
							0.009486,
							0.032544,
							0.023651,
							0.007731,
							-0.331173,
							0.028222,
							-0.059295,
							0.042238,
							0.007734,
							0.023624,
							0.03018,
							10,
							0.016775,
							0.010016,
							0.009545,
							0.013323,
							-0.177433,
							0.020663,
							-0.006566,
							0.002221,
							0.014733,
							-0.000706,
							0.009486,
							0.016775,
							10,
							0.013952,
							0.006926,
							0.003204,
							-0.37739,
							0.013288,
							-0.058074,
							0.066524,
							0.017111,
							0.019104,
							0.032544,
							0.010016,
							0.013952,
							10,
							0.015987,
							0.006379,
							-0.272356,
							0.005597,
							-0.036038,
							0.043047,
							0.011555,
							0.024768,
							0.023651,
							0.009545,
							0.006926,
							0.015987,
							10,
							0.005477,
							-0.073197,
							0.01351,
							-0.026494,
							0.024053,
							-0.003498,
							0.007969,
							0.007731,
							0.013323,
							0.003204,
							0.006379,
							0.005477,
							10
						]
					},
					{
						"dimension" : 12,
						"dimension_input" : 0,
						"offset_relative" : 2,
						"offset_absolute" : 10,
						"weight_regression" : 1,
						"scale" : [
							9.240446,
							0.374078,
							0.343652,
							0.261401,
							0.038383,
							0.066498,
							0.072948,
							0.042399,
							0.025094,
							0.035501,
							0.019218,
							0.015345
						],
						"mean" : [
							-19.98056,
							5.229588,
							-5.542035,
							1.761739,
							-2.242631,
							0.909204,
							-0.434406,
							0.673188,
							-0.293742,
							0.552944,
							0.067127,
							0.386837
						],
						"covariance" : [
							27.721414,
							-0.965801,
							0.817139,
							-1.279188,
							-0.364116,
							-0.582844,
							-0.609088,
							-0.331187,
							-0.177439,
							-0.377405,
							-0.272361,
							-0.073203,
							-0.965801,
							10,
							0.072199,
							0.098962,
							0.02859,
							0.023095,
							0.001245,
							0.028221,
							0.020662,
							0.013288,
							0.005595,
							0.01351,
							0.817139,
							0.072199,
							10,
							-0.205461,
							0.015807,
							-0.086362,
							-0.09522,
							-0.059298,
							-0.006567,
							-0.058078,
							-0.036041,
							-0.026496,
							-1.279188,
							0.098962,
							-0.205461,
							10,
							0.030108,
							0.105783,
							0.104836,
							0.042241,
							0.002222,
							0.066527,
							0.043048,
							0.024055,
							-0.364116,
							0.02859,
							0.015807,
							0.030108,
							10,
							0.017698,
							0.027134,
							0.007734,
							0.014734,
							0.017112,
							0.011555,
							-0.003498,
							-0.582844,
							0.023095,
							-0.086362,
							0.105783,
							0.017698,
							10,
							0.054724,
							0.023625,
							-0.000707,
							0.019104,
							0.024769,
							0.007969,
							-0.609088,
							0.001245,
							-0.09522,
							0.104836,
							0.027134,
							0.054724,
							10,
							0.03018,
							0.009486,
							0.032545,
							0.023652,
							0.007731,
							-0.331187,
							0.028221,
							-0.059298,
							0.042241,
							0.007734,
							0.023625,
							0.03018,
							10,
							0.016775,
							0.010017,
							0.009546,
							0.013323,
							-0.177439,
							0.020662,
							-0.006567,
							0.002222,
							0.014734,
							-0.000707,
							0.009486,
							0.016775,
							10,
							0.013953,
							0.006925,
							0.003204,
							-0.377405,
							0.013288,
							-0.058078,
							0.066527,
							0.017112,
							0.019104,
							0.032545,
							0.010017,
							0.013953,
							10,
							0.015987,
							0.00638,
							-0.272361,
							0.005595,
							-0.036041,
							0.043048,
							0.011555,
							0.024769,
							0.023652,
							0.009546,
							0.006925,
							0.015987,
							10,
							0.005477,
							-0.073203,
							0.01351,
							-0.026496,
							0.024055,
							-0.003498,
							0.007969,
							0.007731,
							0.013323,
							0.003204,
							0.00638,
							0.005477,
							10
						]
					},
					{
						"dimension" : 12,
						"dimension_input" : 0,
						"offset_relative" : 2,
						"offset_absolute" : 10,
						"weight_regression" : 1,
						"scale" : [
							9.240446,
							0.374078,
							0.343652,
							0.261401,
							0.038383,
							0.066498,
							0.072948,
							0.042399,
							0.025094,
							0.035501,
							0.019218,
							0.015345
						],
						"mean" : [
							-19.980319,
							5.229563,
							-5.542012,
							1.761705,
							-2.24264,
							0.909188,
							-0.434422,
							0.673179,
							-0.293747,
							0.552934,
							0.06712,
							0.386835
						],
						"covariance" : [
							27.721317,
							-0.965807,
							0.817099,
							-1.279159,
							-0.364113,
							-0.582836,
							-0.609077,
							-0.331176,
							-0.177434,
							-0.377393,
							-0.272357,
							-0.073198,
							-0.965807,
							10,
							0.072202,
							0.098959,
							0.028592,
							0.023096,
							0.001246,
							0.028222,
							0.020663,
							0.013288,
							0.005596,
							0.01351,
							0.817099,
							0.072202,
							10,
							-0.205452,
							0.015807,
							-0.086358,
							-0.095217,
							-0.059296,
							-0.006566,
							-0.058075,
							-0.036039,
							-0.026494,
							-1.279159,
							0.098959,
							-0.205452,
							10,
							0.030109,
							0.10578,
							0.104835,
							0.042239,
							0.002222,
							0.066525,
							0.043047,
							0.024054,
							-0.364113,
							0.028592,
							0.015807,
							0.030109,
							10,
							0.017698,
							0.027134,
							0.007734,
							0.014733,
							0.017111,
							0.011555,
							-0.003498,
							-0.582836,
							0.023096,
							-0.086358,
							0.10578,
							0.017698,
							10,
							0.054723,
							0.023625,
							-0.000707,
							0.019104,
							0.024768,
							0.007969,
							-0.609077,
							0.001246,
							-0.095217,
							0.104835,
							0.027134,
							0.054723,
							10,
							0.03018,
							0.009486,
							0.032545,
							0.023651,
							0.007731,
							-0.331176,
							0.028222,
							-0.059296,
							0.042239,
							0.007734,
							0.023625,
							0.03018,
							10,
							0.016775,
							0.010016,
							0.009545,
							0.013323,
							-0.177434,
							0.020663,
							-0.006566,
							0.002222,
							0.014733,
							-0.000707,
							0.009486,
							0.016775,
							10,
							0.013952,
							0.006926,
							0.003204,
							-0.377393,
							0.013288,
							-0.058075,
							0.066525,
							0.017111,
							0.019104,
							0.032545,
							0.010016,
							0.013952,
							10,
							0.015987,
							0.00638,
							-0.272357,
							0.005596,
							-0.036039,
							0.043047,
							0.011555,
							0.024768,
							0.023651,
							0.009545,
							0.006926,
							0.015987,
							10,
							0.005477,
							-0.073198,
							0.01351,
							-0.026494,
							0.024054,
							-0.003498,
							0.007969,
							0.007731,
							0.013323,
							0.003204,
							0.00638,
							0.005477,
							10
						]
					}
				]
			}
		},
		{
			"label" : {
				"type" : "INT",
				"value" : 3
			},
			"GMM" : {
				"ProbabilisticModel" : {
					"flags" : 0,
					"bimodal" : false,
					"dimension" : 12,
					"EMStopCriterion" : {
						"minsteps" : 10,
						"maxsteps" : 0,
						"percentchg" : 0.01
					},
					"likelihoodwindow" : 10
				},
				"nbmixturecomponents" : 3,
				"varianceoffset_relative" : 2,
				"varianceoffset_absolute" : 10,
				"weight_regression" : 1,
				"mixturecoefficients" : [
					0.351508,
					0.317382,
					0.33111
				],
				"components" : [
					{
						"dimension" : 12,
						"dimension_input" : 0,
						"offset_relative" : 2,
						"offset_absolute" : 10,
						"weight_regression" : 1,
						"scale" : [
							6.138169,
							0.61931,
							0.242518,
							0.126589,
							0.040678,
							0.067866,
							0.028722,
							0.053267,
							0.058202,
							0.023142,
							0.033847,
							0.020879
						],
						"mean" : [
							-34.883973,
							11.293484,
							-3.260394,
							3.290472,
							-0.841285,
							1.576958,
							0.080931,
							0.994184,
							0.139943,
							0.772766,
							-0.141414,
							0.37821
						],
						"covariance" : [
							18.414494,
							-0.552284,
							0.204778,
							-0.107181,
							-0.159181,
							-0.288966,
							-0.042733,
							-0.166237,
							0.002971,
							-0.041962,
							-0.039256,
							0.043221,
							-0.552284,
							10,
							0.155875,
							-0.031605,
							0.053585,
							-0.022865,
							-0.044309,
							0.110665,
							0.025627,
							0.030605,
							-0.033023,
							0.006397,
							0.204778,
							0.155875,
							10,
							-0.093091,
							0.034807,
							-0.035647,
							-0.03344,
							0.04365,
							0.020868,
							0.02258,
							-0.061226,
							0.021475,
							-0.107181,
							-0.031605,
							-0.093091,
							10,
							-0.004521,
							-0.006229,
							0.01374,
							0.000698,
							-0.014423,
							-0.006017,
							0.042385,
							-0.012621,
							-0.159181,
							0.053585,
							0.034807,
							-0.004521,
							10,
							-0.006998,
							0.009042,
							0.008237,
							0.016861,
							0.003158,
							-0.014811,
							0.013306,
							-0.288966,
							-0.022865,
							-0.035647,
							-0.006229,
							-0.006998,
							10,
							0.000598,
							0.00626,
							-0.012117,
							0.006786,
							0.015192,
							-0.003901,
							-0.042733,
							-0.044309,
							-0.03344,
							0.01374,
							0.009042,
							0.000598,
							10,
							-0.018329,
							0.018444,
							-0.005622,
							0.000929,
							0.009456,
							-0.166237,
							0.110665,
							0.04365,
							0.000698,
							0.008237,
							0.00626,
							-0.018329,
							10,
							0.00193,
							0.012454,
							0.003585,
							-0.002233,
							0.002971,
							0.025627,
							0.020868,
							-0.014423,
							0.016861,
							-0.012117,
							0.018444,
							0.00193,
							10,
							-0.006035,
							-0.005966,
							0.018879,
							-0.041962,
							0.030605,
							0.02258,
							-0.006017,
							0.003158,
							0.006786,
							-0.005622,
							0.012454,
							-0.006035,
							10,
							-0.001691,
							0.001658,
							-0.039256,
							-0.033023,
							-0.061226,
							0.042385,
							-0.014811,
							0.015192,
							0.000929,
							0.003585,
							-0.005966,
							-0.001691,
							10,
							-0.0085,
							0.043221,
							0.006397,
							0.021475,
							-0.012621,
							0.013306,
							-0.003901,
							0.009456,
							-0.002233,
							0.018879,
							0.001658,
							-0.0085,
							10
						]
					},
					{
						"dimension" : 12,
						"dimension_input" : 0,
						"offset_relative" : 2,
						"offset_absolute" : 10,
						"weight_regression" : 1,
						"scale" : [
							6.138169,
							0.61931,
							0.242518,
							0.126589,
							0.040678,
							0.067866,
							0.028722,
							0.053267,
							0.058202,
							0.023142,
							0.033847,
							0.020879
						],
						"mean" : [
							-34.883995,
							11.293487,
							-3.260395,
							3.290473,
							-0.841284,
							1.576959,
							0.080931,
							0.994184,
							0.139943,
							0.772766,
							-0.141414,
							0.37821
						],
						"covariance" : [
							18.41451,
							-0.552291,
							0.204777,
							-0.107181,
							-0.159183,
							-0.288966,
							-0.042734,
							-0.166238,
							0.002968,
							-0.041961,
							-0.039256,
							0.04322,
							-0.552291,
							10,
							0.155875,
							-0.031604,
							0.053585,
							-0.022864,
							-0.044309,
							0.110665,
							0.025627,
							0.030605,
							-0.033023,
							0.006397,
							0.204777,
							0.155875,
							10,
							-0.09309,
							0.034807,
							-0.035647,
							-0.03344,
							0.04365,
							0.020868,
							0.02258,
							-0.061226,
							0.021475,
							-0.107181,
							-0.031604,
							-0.09309,
							10,
							-0.004521,
							-0.006229,
							0.01374,
							0.000698,
							-0.014423,
							-0.006017,
							0.042385,
							-0.012621,
							-0.159183,
							0.053585,
							0.034807,
							-0.004521,
							10,
							-0.006998,
							0.009042,
							0.008237,
							0.016861,
							0.003158,
							-0.014811,
							0.013306,
							-0.288966,
							-0.022864,
							-0.035647,
							-0.006229,
							-0.006998,
							10,
							0.000599,
							0.00626,
							-0.012117,
							0.006786,
							0.015192,
							-0.003901,
							-0.042734,
							-0.044309,
							-0.03344,
							0.01374,
							0.009042,
							0.000599,
							10,
							-0.018329,
							0.018445,
							-0.005622,
							0.000929,
							0.009456,
							-0.166238,
							0.110665,
							0.04365,
							0.000698,
							0.008237,
							0.00626,
							-0.018329,
							10,
							0.00193,
							0.012454,
							0.003585,
							-0.002233,
							0.002968,
							0.025627,
							0.020868,
							-0.014423,
							0.016861,
							-0.012117,
							0.018445,
							0.00193,
							10,
							-0.006035,
							-0.005966,
							0.018879,
							-0.041961,
							0.030605,
							0.02258,
							-0.006017,
							0.003158,
							0.006786,
							-0.005622,
							0.012454,
							-0.006035,
							10,
							-0.001691,
							0.001658,
							-0.039256,
							-0.033023,
							-0.061226,
							0.042385,
							-0.014811,
							0.015192,
							0.000929,
							0.003585,
							-0.005966,
							-0.001691,
							10,
							-0.0085,
							0.04322,
							0.006397,
							0.021475,
							-0.012621,
							0.013306,
							-0.003901,
							0.009456,
							-0.002233,
							0.018879,
							0.001658,
							-0.0085,
							10
						]
					},
					{
						"dimension" : 12,
						"dimension_input" : 0,
						"offset_relative" : 2,
						"offset_absolute" : 10,
						"weight_regression" : 1,
						"scale" : [
							6.138169,
							0.61931,
							0.242518,
							0.126589,
							0.040678,
							0.067866,
							0.028722,
							0.053267,
							0.058202,
							0.023142,
							0.033847,
							0.020879
						],
						"mean" : [
							-34.884011,
							11.293488,
							-3.260395,
							3.290473,
							-0.841284,
							1.57696,
							0.080931,
							0.994185,
							0.139943,
							0.772766,
							-0.141414,
							0.37821
						],
						"covariance" : [
							18.414522,
							-0.552297,
							0.204777,
							-0.107181,
							-0.159185,
							-0.288966,
							-0.042735,
							-0.166239,
							0.002966,
							-0.041961,
							-0.039256,
							0.043219,
							-0.552297,
							10,
							0.155875,
							-0.031604,
							0.053586,
							-0.022864,
							-0.044308,
							0.110666,
							0.025627,
							0.030605,
							-0.033023,
							0.006397,
							0.204777,
							0.155875,
							10,
							-0.09309,
							0.034807,
							-0.035647,
							-0.03344,
							0.04365,
							0.020868,
							0.02258,
							-0.061226,
							0.021475,
							-0.107181,
							-0.031604,
							-0.09309,
							10,
							-0.004521,
							-0.006229,
							0.01374,
							0.000698,
							-0.014422,
							-0.006017,
							0.042385,
							-0.012621,
							-0.159185,
							0.053586,
							0.034807,
							-0.004521,
							10,
							-0.006998,
							0.009042,
							0.008237,
							0.016862,
							0.003158,
							-0.014811,
							0.013306,
							-0.288966,
							-0.022864,
							-0.035647,
							-0.006229,
							-0.006998,
							10,
							0.000599,
							0.00626,
							-0.012117,
							0.006786,
							0.015192,
							-0.003901,
							-0.042735,
							-0.044308,
							-0.03344,
							0.01374,
							0.009042,
							0.000599,
							10,
							-0.018329,
							0.018445,
							-0.005622,
							0.000929,
							0.009456,
							-0.166239,
							0.110666,
							0.04365,
							0.000698,
							0.008237,
							0.00626,
							-0.018329,
							10,
							0.00193,
							0.012454,
							0.003585,
							-0.002233,
							0.002966,
							0.025627,
							0.020868,
							-0.014422,
							0.016862,
							-0.012117,
							0.018445,
							0.00193,
							10,
							-0.006035,
							-0.005966,
							0.018879,
							-0.041961,
							0.030605,
							0.02258,
							-0.006017,
							0.003158,
							0.006786,
							-0.005622,
							0.012454,
							-0.006035,
							10,
							-0.001691,
							0.001658,
							-0.039256,
							-0.033023,
							-0.061226,
							0.042385,
							-0.014811,
							0.015192,
							0.000929,
							0.003585,
							-0.005966,
							-0.001691,
							10,
							-0.0085,
							0.043219,
							0.006397,
							0.021475,
							-0.012621,
							0.013306,
							-0.003901,
							0.009456,
							-0.002233,
							0.018879,
							0.001658,
							-0.0085,
							10
						]
					}
				]
			}
		}
	]
}