{
   "configuration" : {
      "default_parameters" : {
         "absolute_regularization" : 0.10000000000000001,
         "covariance_mode" : 0,
         "gaussians" : 10,
         "relative_regularization" : 0.5
      },
      "multiClass_regression_estimator" : 0,
      "multithreading" : 2
   },
   "models" : [
      {
         "components" : [
            {
               "bimodal" : false,
               "covariance" : [
                  9.17466774319265,
                  -0.20717446080092589,
                  0.40199188815720571,
                  0.039564488661446441,
                  -0.055772804260057048,
                  0.0085274361221495884,
                  -0.025059647425874718,
                  0.13752335165163271,
                  0.0058167453478084157,
                  -0.13165084983367759,
                  -0.077049036668455417,
                  -0.10868890782011709,
                  -0.20717446080092589,
                  2.0410282881696231,
                  -0.083073076614651853,
                  -0.19355481618592138,
                  0.067549717006019472,
                  0.0036403777970998334,
                  0.009829951698962499,
                  0.033115656546373384,
                  0.020365863048385814,
                  -0.014648789675029526,
                  -0.074254537811493312,
                  -0.00013299602280003245,
                  0.40199188815720571,
                  -0.083073076614651853,
                  0.87880963250417354,
                  0.07417883195859909,
                  -0.037431739860376415,
                  -0.003870778534539699,
                  0.0024712199958684036,
                  -0.024602079161882954,
                  -0.01909673836116095,
                  0.027592956140152239,
                  0.036282198179648353,
                  -0.0087693060333206094,
                  0.039564488661446441,
                  -0.19355481618592138,
                  0.07417883195859909,
                  0.59035019857006066,
                  -0.055704268938820342,
                  -0.013798719919764313,
                  -0.012672469388189013,
                  -0.037917538052257532,
                  -0.01716501517383387,
                  0.022104794936727373,
                  0.074723133764563548,
                  -0.00032903361568367755,
                  -0.055772804260057048,
                  0.067549717006019472,
                  -0.037431739860376415,
                  -0.055704268938820342,
                  0.34677830684997374,
                  0.0013570975043702507,
                  -0.00012456943001900263,
                  0.011625866288202408,
                  0.0088229564934216697,
                  -0.0075739283142779818,
                  -0.023623685068741712,
                  -0.00046887811966306401,
                  0.0085274361221495884,
                  0.0036403777970998334,
                  -0.003870778534539699,
                  -0.013798719919764313,
                  0.0013570975043702507,
                  0.21744669979342887,
                  0.0028214581094520982,
                  0.0040626323462313318,
                  0.00090222757092252846,
                  -0.0034659218285132596,
                  -0.005427056948502056,
                  0.00056219641227982242,
                  -0.025059647425874718,
                  0.009829951698962499,
                  0.0024712199958684036,
                  -0.012672469388189013,
                  -0.00012456943001900263,
                  0.0028214581094520982,
                  0.16271150785930646,
                  0.0014736881734657024,
                  -0.0014262897301918535,
                  0.00054866525547611991,
                  -0.0028013924577196454,
                  0.001208065790739661,
                  0.13752335165163271,
                  0.033115656546373384,
                  -0.024602079161882954,
                  -0.037917538052257532,
                  0.011625866288202408,
                  0.0040626323462313318,
                  0.0014736881734657024,
                  0.16855137962257088,
                  0.0060661965937518344,
                  -0.014073080958438646,
                  -0.019602410156895796,
                  -0.002027675566846738,
                  0.0058167453478084157,
                  0.020365863048385814,
                  -0.01909673836116095,
                  -0.01716501517383387,
                  0.0088229564934216697,
                  0.00090222757092252846,
                  -0.0014262897301918535,
                  0.0060661965937518344,
                  0.12464846039609359,
                  -0.0056545164880644379,
                  -0.0088617159140964383,
                  -0.00068229573242612276,
                  -0.13165084983367759,
                  -0.014648789675029526,
                  0.027592956140152239,
                  0.022104794936727373,
                  -0.0075739283142779818,
                  -0.0034659218285132596,
                  0.00054866525547611991,
                  -0.014073080958438646,
                  -0.0056545164880644379,
                  0.16363489355640071,
                  0.014572058900049872,
                  0.0016404003172316964,
                  -0.077049036668455417,
                  -0.074254537811493312,
                  0.036282198179648353,
                  0.074723133764563548,
                  -0.023623685068741712,
                  -0.005427056948502056,
                  -0.0028013924577196454,
                  -0.019602410156895796,
                  -0.0088617159140964383,
                  0.014572058900049872,
                  0.21166777309870813,
                  0.0015289063903534269,
                  -0.10868890782011709,
                  -0.00013299602280003245,
                  -0.0087693060333206094,
                  -0.00032903361568367755,
                  -0.00046887811966306401,
                  0.00056219641227982242,
                  0.001208065790739661,
                  -0.002027675566846738,
                  -0.00068229573242612276,
                  0.0016404003172316964,
                  0.0015289063903534269,
                  0.10264075010951386
               ],
               "covariance_determinant" : 6.9254595456472917e-06,
               "covariance_determinant_input" : 0,
               "covariance_mode" : 0,
               "dimension" : 12,
               "dimension_input" : 0,
               "inverse_covariance" : [
                  0.11645486357851406,
                  0.011805537163041816,
                  -0.057055175662031089,
                  -0.010273617083863753,
                  0.017260828722011349,
                  -0.0026507450431638288,
                  0.017780968185018946,
                  -0.094591450670486812,
                  -0.0058193600192811999,
                  0.092880534719709279,
                  0.04580952030151593,
                  0.11423473823208953,
                  0.011805537163041814,
                  0.51297083940132726,
                  0.021146470442693261,
                  0.1384568793531793,
                  -0.062237144516401367,
                  0.0050413731224470274,
                  -0.016875119779664337,
                  -0.055360447935311065,
                  -0.046214852441363995,
                  0.013569332764608304,
                  0.11662577922556493,
                  0.011948149011794338,
                  -0.057055175662031089,
                  0.021146470442693258,
                  1.1973386292545818,
                  -0.093428627565893402,
                  0.078182624870019951,
                  0.0069402818263953076,
                  -0.037960450489270922,
                  0.15322801018174381,
                  0.1373191364797037,
                  -0.19917518182234345,
                  -0.14392543868369231,
                  0.051640453901130597,
                  -0.010273617083863753,
                  0.13845687935317932,
                  -0.093428627565893402,
                  1.8717662463101308,
                  0.20885750475609804,
                  0.090666789699892614,
                  0.12584731022563694,
                  0.29197366115984474,
                  0.14891740123331831,
                  -0.14442924179574657,
                  -0.52943185069976972,
                  0.0032471236038132752,
                  0.017260828722011352,
                  -0.062237144516401367,
                  0.078182624870019951,
                  0.20885750475609799,
                  2.9635182617133444,
                  0.005066030913567352,
                  0.026607836904846981,
                  -0.11292838754322328,
                  -0.13577303425821571,
                  0.070925381026941514,
                  0.20729797248496767,
                  0.031388545693734789,
                  -0.0026507450431638292,
                  0.00504137312244703,
                  0.0069402818263953042,
                  0.090666789699892614,
                  0.0050660309135673537,
                  4.6100769375526323,
                  -0.071857122689918826,
                  -0.073857244031807781,
                  -0.0098618904718378083,
                  0.070078840728015721,
                  0.073560944522709157,
                  -0.030039139994142074,
                  0.017780968185018946,
                  -0.016875119779664337,
                  -0.037960450489270922,
                  0.12584731022563694,
                  0.026607836904846988,
                  -0.071857122689918826,
                  6.163703090991814,
                  -0.042675190480927258,
                  0.08666953434140981,
                  -0.023054998793461578,
                  0.047008495939980556,
                  -0.05666232628980835,
                  -0.094591450670486812,
                  -0.055360447935311065,
                  0.15322801018174381,
                  0.29197366115984474,
                  -0.11292838754322328,
                  -0.073857244031807781,
                  -0.042675190480927244,
                  6.1942441512295536,
                  -0.17611325078320805,
                  0.34274698557922673,
                  0.34424372047530488,
                  0.024772742380225619,
                  -0.0058193600192812016,
                  -0.046214852441363995,
                  0.1373191364797037,
                  0.14891740123331831,
                  -0.13577303425821569,
                  -0.0098618904718378048,
                  0.08666953434140981,
                  -0.17611325078320805,
                  8.1142863283258198,
                  0.18794733812571743,
                  0.20141346682561148,
                  0.0488569898849446,
                  0.092880534719709293,
                  0.013569332764608302,
                  -0.19917518182234345,
                  -0.14442924179574657,
                  0.0709253810269415,
                  0.070078840728015734,
                  -0.023054998793461581,
                  0.34274698557922667,
                  0.18794733812571748,
                  6.3043617947298394,
                  -0.26124703736802346,
                  -0.0077414855311895743,
                  0.045809520301515923,
                  0.11662577922556491,
                  -0.14392543868369231,
                  -0.52943185069976983,
                  0.20729797248496773,
                  0.073560944522709157,
                  0.047008495939980549,
                  0.34424372047530483,
                  0.20141346682561148,
                  -0.26124703736802346,
                  5.0776929973411988,
                  -0.028664118169302373,
                  0.11423473823208954,
                  0.01194814901179434,
                  0.051640453901130597,
                  0.0032471236038132748,
                  0.031388545693734789,
                  -0.030039139994142081,
                  -0.05666232628980835,
                  0.024772742380225626,
                  0.048856989884944614,
                  -0.0077414855311895752,
                  -0.02866411816930238,
                  9.8704627866771055
               ],
               "inverse_covariance_input" : [],
               "mean" : [
                  -71.277006831880271,
                  6.410166764756462,
                  -0.72865398142321247,
                  1.8457545829318052,
                  -0.19516539942022593,
                  0.20010201458879676,
                  1.0669186867427416,
                  1.2397887377233521,
                  0.55623133694733495,
                  0.67445792369273905,
                  -0.51889730836596271,
                  0.065844406447468015
               ]
            },
            {
               "bimodal" : false,
               "covariance" : [
                  5.2908700364812979,
                  -0.91164705247927735,
                  0.7970712983975301,
                  -0.33927253676278457,
                  -0.11522064659419347,
                  -0.014432862394525599,
                  -0.085161178123192682,
                  -0.0081266030824832299,
                  -0.0027507117126555182,
                  0.29967177081271834,
                  -0.29473569660029647,
                  0.012518318927051285,
                  -0.91164705247927735,
                  2.2813083265588157,
                  -0.25877387919274669,
                  0.029528474017913184,
                  0.04702350948130947,
                  0.028506306907062802,
                  0.041773313967149478,
                  -0.0085447045221950998,
                  0.0023545443522579182,
                  -0.094981045417687246,
                  0.09250169498714958,
                  0.0018133971077089026,
                  0.7970712983975301,
                  -0.25877387919274669,
                  1.3008116292083347,
                  -0.3728431433893401,
                  -0.035739312137262592,
                  -0.010272998080400223,
                  -0.051502678452946503,
                  -0.039969383717518063,
                  0.035631995250457259,
                  0.22834182683438589,
                  -0.22706889250616544,
                  -0.0029470822584643486,
                  -0.33927253676278457,
                  0.029528474017913184,
                  -0.3728431433893401,
                  0.71682379893576931,
                  0.021167907802478989,
                  -0.018132418587681266,
                  0.015041514471418792,
                  0.03183496014733346,
                  -0.010777190924985766,
                  -0.15332054536079376,
                  0.15042401619870158,
                  -0.0091474546531392208,
                  -0.11522064659419347,
                  0.04702350948130947,
                  -0.035739312137262592,
                  0.021167907802478989,
                  0.33948274398527079,
                  -0.011202889194044862,
                  -0.0030399587573506069,
                  -0.0028251755579050729,
                  0.011291345854093571,
                  -0.013925610689540279,
                  0.012216338914964125,
                  -0.0072344134590378662,
                  -0.014432862394525599,
                  0.028506306907062802,
                  -0.010272998080400223,
                  -0.018132418587681266,
                  -0.011202889194044862,
                  0.2366898203789134,
                  0.013237705834625935,
                  0.003710790780177282,
                  -0.015316018465443598,
                  -0.0066012726837818064,
                  0.0073873375171723136,
                  0.010142949406875695,
                  -0.085161178123192682,
                  0.041773313967149478,
                  -0.051502678452946503,
                  0.015041514471418792,
                  -0.0030399587573506069,
                  0.013237705834625935,
                  0.17240269843587749,
                  0.0050686679144121014,
                  -0.015236520473309083,
                  -0.018795175772053464,
                  0.020336237430157143,
                  0.007327686682689823,
                  -0.0081266030824832299,
                  -0.0085447045221950998,
                  -0.039969383717518063,
                  0.03183496014733346,
                  -0.0028251755579050729,
                  0.003710790780177282,
                  0.0050686679144121014,
                  0.15892428960225699,
                  -0.0082406767444851564,
                  -0.016110845789324434,
                  0.016845256071190431,
                  0.0025224286325228776,
                  -0.0027507117126555182,
                  0.0023545443522579182,
                  0.035631995250457259,
                  -0.010777190924985766,
                  0.011291345854093571,
                  -0.015316018465443598,
                  -0.015236520473309083,
                  -0.0082406767444851564,
                  0.14634856035386321,
                  0.010009713250574544,
                  -0.014142345713636652,
                  -0.013349052029407399,
                  0.29967177081271834,
                  -0.094981045417687246,
                  0.22834182683438589,
                  -0.15332054536079376,
                  -0.013925610689540279,
                  -0.0066012726837818064,
                  -0.018795175772053464,
                  -0.016110845789324434,
                  0.010009713250574544,
                  0.24556194868889128,
                  -0.093792667901743551,
                  0.00040550085215809955,
                  -0.29473569660029647,
                  0.09250169498714958,
                  -0.22706889250616544,
                  0.15042401619870158,
                  0.012216338914964125,
                  0.0073873375171723136,
                  0.020336237430157143,
                  0.016845256071190431,
                  -0.014142345713636652,
                  -0.093792667901743551,
                  0.27069791368670248,
                  0.0015387820515937261,
                  0.012518318927051285,
                  0.0018133971077089026,
                  -0.0029470822584643486,
                  -0.0091474546531392208,
                  -0.0072344134590378662,
                  0.010142949406875695,
                  0.007327686682689823,
                  0.0025224286325228776,
                  -0.013349052029407399,
                  0.00040550085215809955,
                  0.0015387820515937261,
                  0.1082521349581554
               ],
               "covariance_determinant" : 9.7626577326878544e-06,
               "covariance_determinant_input" : 0,
               "covariance_mode" : 0,
               "dimension" : 12,
               "dimension_input" : 0,
               "inverse_covariance" : [
                  0.22906704843611717,
                  0.070681579873357422,
                  -0.080816344587413574,
                  0.013848078928325055,
                  0.048027644258258444,
                  -0.00021905169293194322,
                  0.051006700147162971,
                  -0.029665440583430739,
                  0.040229663799649394,
                  -0.12545975774510573,
                  0.10439146720790231,
                  -0.024287725867452422,
                  0.070681579873357422,
                  0.47880642650089772,
                  0.046469438933469741,
                  0.063379949924043319,
                  -0.037326282611202827,
                  -0.043459689956702914,
                  -0.059372933121275749,
                  0.042190121900284761,
                  -0.0293862560571506,
                  0.070325296188660222,
                  -0.055314621403865713,
                  -0.0080610363804470113,
                  -0.080816344587413602,
                  0.046469438933469741,
                  1.098936500670656,
                  0.32045075947513124,
                  0.033148927287351873,
                  0.015839383320191372,
                  0.12353772132715408,
                  0.10024660259493343,
                  -0.14827594087527679,
                  -0.51421327869722255,
                  0.43632644831718054,
                  0.033035708888223748,
                  0.013848078928325066,
                  0.063379949924043319,
                  0.32045075947513124,
                  1.8278863516616863,
                  -0.030699072156991591,
                  0.1733620807548579,
                  0.044229952833833533,
                  -0.16902390176350959,
                  -0.010255070111179664,
                  0.64476657457988151,
                  -0.52763446560806115,
                  0.14698957266973156,
                  0.048027644258258437,
                  -0.037326282611202827,
                  0.033148927287351887,
                  -0.030699072156991598,
                  2.9913229826582315,
                  0.12574525323299446,
                  0.071543267811435177,
                  0.058546488885313011,
                  -0.2087785288883105,
                  0.05616154689770439,
                  -0.029831967467307915,
                  0.14976689065785745,
                  -0.000219051692931943,
                  -0.043459689956702921,
                  0.015839383320191351,
                  0.17336208075485784,
                  0.12574525323299443,
                  4.3097287734570724,
                  -0.25461316711976051,
                  -0.075689244698603969,
                  0.37318311249087155,
                  0.12079849721681786,
                  -0.10475223008383863,
                  -0.31351917649795658,
                  0.051006700147162951,
                  -0.059372933121275742,
                  0.12353772132715411,
                  0.044229952833833568,
                  0.071543267811435204,
                  -0.25461316711976056,
                  5.9970209232736158,
                  -0.092240420026560951,
                  0.50256108406780287,
                  0.18337948951096875,
                  -0.19464430777547689,
                  -0.30890692245975065,
                  -0.029665440583430739,
                  0.042190121900284761,
                  0.10024660259493341,
                  -0.16902390176350959,
                  0.058546488885313011,
                  -0.075689244698603969,
                  -0.092240420026560965,
                  6.4114868814720376,
                  0.26066263760504266,
                  0.18879749786181144,
                  -0.18168810378450062,
                  -0.10695934117303195,
                  0.040229663799649408,
                  -0.029386256057150603,
                  -0.14827594087527679,
                  -0.010255070111179636,
                  -0.2087785288883105,
                  0.37318311249087155,
                  0.50256108406780309,
                  0.26066263760504271,
                  7.0889574024796644,
                  -0.08224279399361055,
                  0.21789035749355007,
                  0.77330702344260049,
                  -0.12545975774510573,
                  0.070325296188660222,
                  -0.51421327869722233,
                  0.6447665745798814,
                  0.056161546897704424,
                  0.12079849721681789,
                  0.18337948951096877,
                  0.18879749786181144,
                  -0.082242793993610563,
                  5.5240723400104139,
                  0.92817809758735259,
                  -0.014591068197172704,
                  0.10439146720790229,
                  -0.055314621403865734,
                  0.43632644831718059,
                  -0.52763446560806104,
                  -0.029831967467307929,
                  -0.10475223008383862,
                  -0.19464430777547681,
                  -0.18168810378450059,
                  0.21789035749355012,
                  0.92817809758735248,
                  4.8494032907635187,
                  -0.064162939567676491,
                  -0.024287725867452422,
                  -0.0080610363804470061,
                  0.033035708888223755,
                  0.14698957266973159,
                  0.14976689065785748,
                  -0.31351917649795663,
                  -0.30890692245975071,
                  -0.10695934117303196,
                  0.77330702344260049,
                  -0.014591068197172694,
                  -0.064162939567676491,
                  9.4130708786187611
               ],
               "inverse_covariance_input" : [],
               "mean" : [
                  -58.399156559959678,
                  -0.37271877339379916,
                  -0.90636075396006976,
                  4.6337426437270768,
                  -2.5625060548478653,
                  1.7196443556905259,
                  0.66753072886367415,
                  1.6862086899039497,
                  0.090670664920113705,
                  -0.18821956590382408,
                  0.80075873988589186,
                  0.5480138709790513
               ]
            },
            {
               "bimodal" : false,
               "covariance" : [
                  4.2146202367185213,
                  -0.13985886330725517,
                  -0.36940495478042268,
                  -0.18585908217407587,
                  0.25842853053468251,
                  0.1363392104100693,
                  0.040695135321339969,
                  -0.13723501411613981,
                  -0.10256522629172841,
                  -0.1202159856594345,
                  0.031107465574878524,
                  0.16518005010774225,
                  -0.13985886330725517,
                  2.0236413017421948,
                  -0.17002661308784814,
                  0.043121052445203617,
                  -0.0072528487916426066,
                  0.015410143726271563,
                  -0.032152355573765161,
                  0.042181710699564383,
                  0.0029973198347096885,
                  0.025283703646375735,
                  -0.030451696730516148,
                  -0.043301343441229968,
                  -0.36940495478042268,
                  -0.17002661308784814,
                  1.1248981125555735,
                  0.044591910010909092,
                  -0.13158680436092152,
                  -0.090121444153564115,
                  0.014612622362112254,
                  0.022844470693766362,
                  0.053532913202742193,
                  0.035739622701876486,
                  0.015913163236104848,
                  -0.038113086842962211,
                  -0.18585908217407587,
                  0.043121052445203617,
                  0.044591910010909092,
                  0.47282957732939562,
                  -0.06195761308158082,
                  -0.030384435444733571,
                  -0.014561424734219414,
                  0.04104580698711615,
                  0.0241625384587488,
                  0.026739860779492856,
                  -0.014158789811969635,
                  -0.047737005885491395,
                  0.25842853053468251,
                  -0.0072528487916426066,
                  -0.13158680436092152,
                  -0.06195761308158082,
                  0.40609474398841361,
                  0.045379282106353287,
                  0.0088176591511539941,
                  -0.039831947038399547,
                  -0.03262228243345737,
                  -0.032526351590872922,
                  0.0082556851070264385,
                  0.049084412964453206,
                  0.1363392104100693,
                  0.015410143726271563,
                  -0.090121444153564115,
                  -0.030384435444733571,
                  0.045379282106353287,
                  0.24082844447347607,
                  0.0016488078254007252,
                  -0.019435003210190916,
                  -0.01814206361924672,
                  -0.016610916730487365,
                  0.0021744476320588817,
                  0.023446157135387655,
                  0.040695135321339969,
                  -0.032152355573765161,
                  0.014612622362112254,
                  -0.014561424734219414,
                  0.0088176591511539941,
                  0.0016488078254007252,
                  0.16515487257073891,
                  -0.01062954319713337,
                  -0.003266294929281161,
                  -0.0077243270053184631,
                  0.0045510540514817292,
                  0.012034602354466262,
                  -0.13723501411613981,
                  0.042181710699564383,
                  0.022844470693766362,
                  0.04104580698711615,
                  -0.039831947038399547,
                  -0.019435003210190916,
                  -0.01062954319713337,
                  0.18279178728502982,
                  0.014557890017760053,
                  0.021314296481117535,
                  -0.009389352917112171,
                  -0.033527654614430663,
                  -0.10256522629172841,
                  0.0029973198347096885,
                  0.053532913202742193,
                  0.0241625384587488,
                  -0.03262228243345737,
                  -0.01814206361924672,
                  -0.003266294929281161,
                  0.014557890017760053,
                  0.13395567363957506,
                  0.012244541808759671,
                  -0.0044018977335910882,
                  -0.018730583216005979,
                  -0.1202159856594345,
                  0.025283703646375735,
                  0.035739622701876486,
                  0.026739860779492856,
                  -0.032526351590872922,
                  -0.016610916730487365,
                  -0.0077243270053184631,
                  0.021314296481117535,
                  0.012244541808759671,
                  0.1732189164998596,
                  -0.0067908677544137467,
                  -0.026802226992728807,
                  0.031107465574878524,
                  -0.030451696730516148,
                  0.015913163236104848,
                  -0.014158789811969635,
                  0.0082556851070264385,
                  0.0021744476320588817,
                  0.0045510540514817292,
                  -0.009389352917112171,
                  -0.0044018977335910882,
                  -0.0067908677544137467,
                  0.18694569745341236,
                  0.011266109563248257,
                  0.16518005010774225,
                  -0.043301343441229968,
                  -0.038113086842962211,
                  -0.047737005885491395,
                  0.049084412964453206,
                  0.023446157135387655,
                  0.012034602354466262,
                  -0.033527654614430663,
                  -0.018730583216005979,
                  -0.026802226992728807,
                  0.011266109563248257,
                  0.14003846822253191
               ],
               "covariance_determinant" : 4.760018743814656e-06,
               "covariance_determinant_input" : 0,
               "covariance_mode" : 0,
               "dimension" : 12,
               "dimension_input" : 0,
               "inverse_covariance" : [
                  0.26819890033334276,
                  0.014640985515582482,
                  0.057505285535003545,
                  0.043979545611304689,
                  -0.089571824653679896,
                  -0.069208004067323622,
                  -0.032751783787297359,
                  0.099806515643477173,
                  0.097157240455944607,
                  0.092865441210239957,
                  -0.016765787227271896,
                  -0.17936932006155357,
                  0.014640985515582478,
                  0.51000084185982442,
                  0.085582030490940875,
                  -0.025347100252774726,
                  -0.0017411441636122384,
                  -0.034545758390394289,
                  0.06837698611374933,
                  -0.080767827887538765,
                  -0.0011589584776233869,
                  -0.047413705065582776,
                  0.057062684000423573,
                  0.12244014898913674,
                  0.057505285535003538,
                  0.085582030490940861,
                  0.98807638880050963,
                  -0.014998243638369298,
                  0.22378046980234612,
                  0.25838749030398439,
                  -0.11148140413768984,
                  0.011005916186341169,
                  -0.24983169684994752,
                  -0.089111208993149629,
                  -0.10388098024640716,
                  0.070841487644582118,
                  0.043979545611304724,
                  -0.025347100252774719,
                  -0.014998243638369279,
                  2.265172712446387,
                  0.18103857631170073,
                  0.12727837967035399,
                  0.10788199969858306,
                  -0.28351347887974249,
                  -0.1899961721683201,
                  -0.13379565751114703,
                  0.096323330259681816,
                  0.48768497386721471,
                  -0.089571824653679868,
                  -0.0017411441636122349,
                  0.22378046980234612,
                  0.1810385763117007,
                  2.7873051011155074,
                  -0.25133849402764763,
                  -0.052297823347817032,
                  0.28875124514377565,
                  0.32394873351638515,
                  0.21632932191979046,
                  -0.04677491487830028,
                  -0.5450335324053589,
                  -0.069208004067323664,
                  -0.034545758390394296,
                  0.25838749030398439,
                  0.12727837967035402,
                  -0.25133849402764757,
                  4.4368734443123374,
                  0.020108180059739036,
                  0.20726579000195278,
                  0.27468901442540483,
                  0.16341633175783182,
                  -0.0033208741758515084,
                  -0.35391368135283841,
                  -0.032751783787297359,
                  0.06837698611374933,
                  -0.11148140413768985,
                  0.10788199969858306,
                  -0.052297823347817046,
                  0.020108180059739033,
                  6.1476937967518763,
                  0.20669198928486626,
                  0.049732855397095779,
                  0.15296766845085669,
                  -0.074791807425141063,
                  -0.35571491688336621,
                  0.099806515643477145,
                  -0.080767827887538765,
                  0.011005916186341173,
                  -0.28351347887974254,
                  0.2887512451437757,
                  0.20726579000195272,
                  0.20669198928486626,
                  5.9628008919966078,
                  -0.25261458539619708,
                  -0.36129492511473649,
                  0.152456064068202,
                  0.92237349657825496,
                  0.097157240455944635,
                  -0.0011589584776233834,
                  -0.24983169684994741,
                  -0.18999617216832002,
                  0.32394873351638515,
                  0.27468901442540494,
                  0.049732855397095765,
                  -0.25261458539619702,
                  7.9158948864339136,
                  -0.20300923706995616,
                  0.10563076624315047,
                  0.53941269600187203,
                  0.092865441210239902,
                  -0.04741370506558279,
                  -0.089111208993149602,
                  -0.133795657511147,
                  0.21632932191979046,
                  0.16341633175783185,
                  0.15296766845085669,
                  -0.36129492511473649,
                  -0.20300923706995608,
                  6.1241753386226963,
                  0.11410603087122098,
                  0.73889313728907979,
                  -0.016765787227271907,
                  0.057062684000423573,
                  -0.10388098024640717,
                  0.096323330259681789,
                  -0.046774914878300287,
                  -0.0033208741758515327,
                  -0.074791807425141063,
                  0.15245606406820197,
                  0.10563076624315049,
                  0.11410603087122098,
                  5.4135237476653462,
                  -0.29768918986335707,
                  -0.17936932006155357,
                  0.12244014898913674,
                  0.07084148764458216,
                  0.48768497386721471,
                  -0.5450335324053589,
                  -0.35391368135283841,
                  -0.35571491688336621,
                  0.92237349657825496,
                  0.53941269600187192,
                  0.73889313728907968,
                  -0.29768918986335707,
                  8.3150612014584411
               ],
               "inverse_covariance_input" : [],
               "mean" : [
                  -48.465020102262329,
                  -4.4271771399887303,
                  0.084517252756148728,
                  2.8656311876835368,
                  -1.0543897652799841,
                  1.6817473385796595,
                  0.72779745812970598,
                  0.9208207982353861,
                  0.28540454479730865,
                  -0.086369914843527879,
                  0.37554090905983456,
                  0.73287807603639221
               ]
            },
            {
               "bimodal" : false,
               "covariance" : [
                  5.8791320489071737,
                  -1.4001156174837341,
                  0.31764682979224274,
                  0.059275075930973156,
                  0.1716984432132202,
                  -0.12951712160630832,
                  -0.0023398054183168876,
                  -0.032453040993153916,
                  0.014841522065554986,
                  -0.0044159715280590204,
                  0.013134289424617885,
                  0.019748878598011353,
                  -1.4001156174837341,
                  2.6941638448362504,
                  -0.32985805766785775,
                  -0.033857870929337446,
                  -0.047810615513297045,
                  0.071985536191229452,
                  -0.018542056373134774,
                  0.024530473129511191,
                  -0.040753239070396727,
                  -0.0086139246299011471,
                  0.027502733291602587,
                  -0.015608316032685142,
                  0.31764682979224274,
                  -0.32985805766785775,
                  1.045713561676245,
                  -0.092026290802962693,
                  -0.0043058310819388086,
                  -0.037194818400403735,
                  0.053559652808414404,
                  -0.038730824727552841,
                  0.057128166664683136,
                  0.014303481471333368,
                  -0.072977177776659893,
                  -0.0074204929382149804,
                  0.059275075930973156,
                  -0.033857870929337446,
                  -0.092026290802962693,
                  0.56786322818362966,
                  -0.025030471887788217,
                  0.016888428455819803,
                  -0.076228536611500697,
                  0.02338553014283638,
                  -0.0044540554616788368,
                  -0.010857973108034736,
                  0.042558489303559537,
                  0.032684241067964491,
                  0.1716984432132202,
                  -0.047810615513297045,
